4.5484071635840015 213.8509354118672
4.622702171047428 211.83353715812675
4.622702171047428 211.83353715812675
4.698001483995764 211.0039813980208
4.698001483995764 211.0039813980208
4.773464006195096 211.37625382054904
4.773464006195096 211.37625382054904
4.848237721646481 212.9440513494144
4.560288198286571 210.3752190268907
4.632268887340875 208.61564630356241
4.632268887340875 208.61564630356241
4.705089839940992 207.95196812225262
4.705089839940992 207.95196812225262
4.777988152215729 208.3946550907872
4.777988152215729 208.3946550907872
4.850196078244156 209.9367084531013
4.850196078244156 209.9367084531013
4.849701247959258 210.68846788715737
4.849701247959258 210.68846788715737
4.849209936455555 211.4402785429165
4.849209936455555 211.4402785429165
4.848722106567171 212.1921398759331
4.848722106567171 212.1921398759331
4.848237721646481 212.9440513494144
4.5484071635840015 213.8509354118672
4.541150244279252 204.87135865449508
4.541150244279252 204.87135865449508
4.533228481174274 195.9035597414905
4.533228481174274 195.9035597414905
4.524547269972406 186.9492336006691
4.524547269972406 186.9492336006691
4.514993420534809 178.01041337631952
4.560288198286571 210.3752190268907
4.554030322075102 202.12734295746804
4.554030322075102 202.12734295746804
4.547240302970063 193.88805565325575
4.547240302970063 193.88805565325575
4.539847964510281 185.65850059309022
4.539847964510281 185.65850059309022
4.531770369800422 177.44003190787973
4.531770369800422 177.44003190787973
4.5275661025381675 177.57793385574254
4.5275661025381675 177.57793385574254
4.523368434099353 177.7189697433356
4.523368434099353 177.7189697433356
4.519177496536884 177.86313211552266
4.519177496536884 177.86313211552266
4.514993420534809 178.01041337631952
4.690494669261911 207.99627921760367
4.6900046600454 203.44382357174126
4.6900046600454 203.44382357174126
4.689492219163306 198.89141901078196
4.689492219163306 198.89141901078196
4.688955770505222 194.3390691247267
4.688955770505222 194.3390691247267
4.68839358679282 189.7867778479796
4.68839358679282 189.7867778479796
4.692391646411539 189.77008549183012
4.692391646411539 189.77008549183012
4.696390345508346 189.75642701734174
4.696390345508346 189.75642701734174
4.700389556334928 189.74580307967824
4.700389556334928 189.74580307967824
4.704389151044803 189.73821418857452
4.705089839940992 207.95196812225262
4.70492643234944 203.39852071006024
4.70492643234944 203.39852071006024
4.704755540867197 198.84507897776464
4.704755540867197 198.84507897776464
4.704576639324588 194.29164332470998
4.704576639324588 194.29164332470998
4.704389151044803 189.73821418857452
4.492692285643419 160.1896695470461
4.591620342249209 157.48636486370714
4.591620342249209 157.48636486370714
4.692973944482372 156.3687558909309
4.692973944482372 156.3687558909309
4.794726676889622 156.87073765451098
4.794726676889622 156.87073765451098
4.8948043874672 158.97696895513909
4.8948043874672 158.97696895513909
4.89567447013448 158.2306921213744
4.89567447013448 158.2306921213744
4.896552798310982 157.4845362104107
4.896552798310982 157.4845362104107
4.897439488390346 156.73850294921218
4.897439488390346 156.73850294921218
4.8983346589404 155.99259409749328
4.492692285643419 160.1896695470461
4.491654988401242 159.44906867284533
4.491654988401242 159.44906867284533
4.49060801136209 158.70864096462023
4.49060801136209 158.70864096462023
4.48955122072444 157.9683888573558
4.48955122072444 157.9683888573558
4.48848448025434 157.22831483131105
4.48848448025434 157.22831483131105
4.589252754277743 154.47319467495555
4.589252754277743 154.47319467495555
4.692589587818297 153.33362505980082
4.692589587818297 153.33362505980082
4.796349548427354 153.845510455692
4.796349548427354 153.845510455692
4.8983346589404 155.99259409749328
4.44812896047136 133.6576426309901
4.566376722673414 130.40548424842538
4.566376722673414 130.40548424842538
4.688863909399473 129.05356648678554
4.688863909399473 129.05356648678554
4.8120576328758515 129.66134171892574
4.8120576328758515 129.66134171892574
4.932303255627314 132.20178464092265
4.464577463645988 129.9519755289528
4.574711310023529 127.18565096685332
4.574711310023529 127.18565096685332
4.6882972569597685 126.01871242042601
4.6882972569597685 126.01871242042601
4.802505684586167 126.49543133487839
4.802505684586167 126.49543133487839
4.914414136788282 128.59752959270614
4.44812896047136 133.6576426309901
4.435720641302795 127.80681621262677
4.435720641302795 127.80681621262677
4.422124080455646 121.97755366024836
4.422124080455646 121.97755366024836
4.407165846590768 116.17310107449701
4.407165846590768 116.17310107449701
4.3906384259880475 110.39737188623535
4.3906384259880475 110.39737188623535
4.3906384259880475 107.99742901914328
4.3906384259880475 107.99742901914328
4.3906384259880475 105.59748615205122
4.3906384259880475 105.59748615205122
4.3906384259880475 103.19754328495914
4.3906384259880475 103.19754328495914
4.3906384259880475 100.79760041786706
4.3906384259880475 100.79760041786706
4.395446081254739 99.8387770830491
4.395446081254739 99.8387770830491
4.400346858822156 98.88230609762127
4.400346858822156 98.88230609762127
4.405343248365899 97.92825638820847
4.405343248365899 97.92825638820847
4.41043781855444 96.97669941584851
4.41043781855444 96.97669941584851
4.423208358000175 95.80853277327842
4.423208358000175 95.80853277327842
4.436291960989253 94.65637538227524
4.436291960989253 94.65637538227524
4.44969563507198 93.52081893684071
4.44969563507198 93.52081893684071
4.463426274591972 92.40247547814829
4.463426274591972 92.40247547814829
4.487447715333518 91.86798225662226
4.487447715333518 91.86798225662226
4.511736103064803 91.38710171404865
4.511736103064803 91.38710171404865
4.53626680655887 90.96068415454143
4.53626680655887 90.96068415454143
4.5610135366506634 90.58949867621612
4.5610135366506634 90.58949867621612
4.578736733067496 91.12517015535188
4.578736733067496 91.12517015535188
4.596247353504699 91.68912545684364
4.596247353504699 91.68912545684364
4.613538658316423 92.28084602995955
4.613538658316423 92.28084602995955
4.630604599766693 92.89980132774608
4.630604599766693 92.89980132774608
4.63934841508157 93.59777181659085
4.63934841508157 93.59777181659085
4.647962140959136 94.30279201398359
4.647962140959136 94.30279201398359
4.656447409151129 95.01470499107394
4.656447409151129 95.01470499107394
4.664805877107706 95.73335697527324
4.664805877107706 95.73335697527324
4.67364868272121 97.97529770538684
4.67364868272121 97.97529770538684
4.682095220465914 100.22455654525926
4.682095220465914 100.22455654525926
4.69017041505797 102.4806516395128
4.69017041505797 102.4806516395128
4.69789724131919 104.74314124445141
4.464577463645988 129.9519755289528
4.45413676057365 124.80856674231302
4.45413676057365 124.80856674231302
4.442799902463763 119.6799316224874
4.442799902463763 119.6799316224874
4.43044966502181 114.5680542147597
4.43044966502181 114.5680542147597
4.41694814324097 109.47528201584582
4.41694814324097 109.47528201584582
4.417537765814151 107.07618833530805
4.417537765814151 107.07618833530805
4.418154415273502 104.67713358665473
4.418154415273502 104.67713358665473
4.41879999297594 102.27812050946662
4.41879999297594 102.27812050946662
4.419476582859167 99.87915210648416
4.419476582859167 99.87915210648416
4.431977392101329 98.72199333215718
4.431977392101329 98.72199333215718
4.4447726755999275 97.58062633127581
4.4447726755999275 97.58062633127581
4.457868622106741 96.45561170144005
4.457868622106741 96.45561170144005
4.471271301933221 95.34752827398925
4.471271301933221 95.34752827398925
4.49458808984827 94.82963586017003
4.49458808984827 94.82963586017003
4.518147984203285 94.36384918581513
4.518147984203285 94.36384918581513
4.541928267941765 93.95094323811566
4.541928267941765 93.95094323811566
4.565904801991128 93.5916179146271
4.565904801991128 93.5916179146271
4.58303402750397 94.134680590755
4.58303402750397 94.134680590755
4.599961849554499 94.70504190239657
4.599961849554499 94.70504190239657
4.6166822722978855 95.30221172308238
4.6166822722978855 95.30221172308238
4.633189909415238 95.92568937804438
4.633189909415238 95.92568937804438
4.642734406656121 98.139764747756
4.642734406656121 98.139764747756
4.651856960602583 100.36238547567181
4.651856960602583 100.36238547567181
4.660583523593688 102.59299617186547
4.660583523593688 102.59299617186547
4.668938084993158 104.83108680255144
4.676260129871914 126.06440945656568
4.674671027917825 120.7555287348182
4.674671027917825 120.7555287348182
4.67293577928765 115.44698099525324
4.67293577928765 115.44698099525324
4.6710332630108775 110.13881438580687
4.6710332630108775 110.13881438580687
4.668938084993158 104.83108680255144
4.668938084993158 104.83108680255144
4.67536886451076 102.52560422491382
4.67536886451076 102.52560422491382
4.682095220465914 100.22455654525926
4.682095220465914 100.22455654525926
4.689137357574227 97.92825638820845
4.689137357574227 97.92825638820845
4.6965172973929 95.63704572657039
4.6965172973929 95.63704572657039
4.704389151044803 94.86910709428724
4.704389151044803 94.86910709428724
4.71238898038469 94.10714285714283
4.71238898038469 94.10714285714283
4.720518882564633 93.35129931023006
4.720518882564633 93.35129931023006
4.728780954692695 92.60172633049424
4.728780954692695 92.60172633049424
4.74543479740362 91.88052053732163
4.74543479740362 91.88052053732163
4.762347376106632 91.18519679638749
4.762347376106632 91.18519679638749
4.779514868586791 90.51635156781319
4.779514868586791 90.51635156781319
4.796932735897688 89.87457601160244
4.796932735897688 89.87457601160244
4.822115969268766 90.09540233022946
4.822115969268766 90.09540233022946
4.847160264862421 90.37306642581117
4.847160264862421 90.37306642581117
4.872035650045351 90.70704634007103
4.872035650045351 90.70704634007103
4.896713389284388 91.09672267789362
4.896713389284388 91.09672267789362
4.911400047714449 92.13092781651355
4.911400047714449 92.13092781651355
4.925757622536498 93.18456183175144
4.925757622536498 93.18456183175144
4.9397913286670585 94.25697317962577
4.9397913286670585 94.25697317962577
4.953506658836158 95.34752827398925
4.953506658836158 95.34752827398925
4.959279687070565 96.26732964187563
4.959279687070565 96.26732964187563
4.96494325616275 97.19027860389143
4.96494325616275 97.19027860389143
4.970500096767851 98.11628633480095
4.970500096767851 98.11628633480095
4.975952863967727 99.04526704224378
4.975952863967727 99.04526704224378
4.977328694330988 101.44124433530926
4.977328694330988 101.44124433530926
4.9786410295356145 103.83740478581431
4.9786410295356145 103.83740478581431
4.979894161711747 106.23373600010879
4.979894161711747 106.23373600010879
4.98109200501986 108.63022667728895
4.98109200501986 108.63022667728895
4.967013646579231 114.49513457713708
4.967013646579231 114.49513457713708
4.9543095490690945 120.38052178616854
4.9543095490690945 120.38052178616854
4.942791416443551 126.28352504970547
4.942791416443551 126.28352504970547
4.932303255627314 132.20178464092265
4.700341370530504 125.99128624307185
4.699811027372407 120.67918875090487
4.699811027372407 120.67918875090487
4.6992318449119335 115.36712832722058
4.6992318449119335 115.36712832722058
4.698596751547856 110.05511033960322
4.698596751547856 110.05511033960322
4.69789724131919 104.74314124445141
4.69789724131919 104.74314124445141
4.704981708453525 102.45816795086145
4.704981708453525 102.45816795086145
4.71238898038469 100.1785714285714
4.71238898038469 100.1785714285714
4.720140763096897 97.9047272537054
4.720140763096897 97.9047272537054
4.72826066337648 95.63704572657039
4.72826066337648 95.63704572657039
4.744378064424005 94.9146304292194
4.744378064424005 94.9146304292194
4.760738367036593 94.21724549937655
4.760738367036593 94.21724549937655
4.777338149352713 93.54545074577165
4.777338149352713 93.54545074577165
4.794173361002686 92.89980132774608
4.794173361002686 92.89980132774608
4.818545781897326 93.11345334867192
4.818545781897326 93.11345334867192
4.842792288273823 93.38214394986583
4.842792288273823 93.38214394986583
4.8668855973190706 93.7053996801101
4.8668855973190706 93.7053996801101
4.89079947973573 94.08265810510694
4.89079947973573 94.08265810510694
4.905089739047075 95.10861850754253
4.905089739047075 95.10861850754253
4.919072198868939 96.15358442860767
4.919072198868939 96.15358442860767
4.932751404741347 97.21694301041775
4.932751404741347 97.21694301041775
4.946132161253591 98.29809735634532
4.946132161253591 98.29809735634532
4.948227130255758 100.68897304120165
4.948227130255758 100.68897304120165
4.9502249078421405 103.08027013855138
4.9502249078421405 103.08027013855138
4.952132089255146 105.47195998516496
4.952132089255146 105.47195998516496
4.9539546874800156 107.86401645552775
4.9539546874800156 107.86401645552775
4.942710712707143 113.02941086294976
4.942710712707143 113.02941086294976
4.932450683018255 118.20784536837074
4.932450683018255 118.20784536837074
4.923052760369251 123.39767828342553
4.923052760369251 123.39767828342553
4.914414136788282 128.59752959270614
4.13100879657979 63.569045902379024
4.153789665041127 64.43746041092231
4.153789665041127 64.43746041092231
4.175953522779958 65.3384170090223
4.175953522779958 65.3384170090223
4.197504203980465 66.27058846913853
4.197504203980465 66.27058846913853
4.218447611465108 67.23267643499136
4.218447611465108 67.23267643499136
4.2487413713838835 67.8806350312436
4.2487413713838835 67.8806350312436
4.278435610990793 68.58967856100537
4.278435610990793 68.58967856100537
4.307497194099606 69.35793364268918
4.307497194099606 69.35793364268918
4.335898645938166 70.18345584601686
4.335898645938166 70.18345584601686
4.3599313575579846 70.35149145631208
4.3599313575579846 70.35149145631208
4.383835809833238 70.55995288781457
4.383835809833238 70.55995288781457
4.407585955794453 70.80848309841822
4.407585955794453 70.80848309841822
4.431156778466394 71.09666188811295
4.431156778466394 71.09666188811295
4.46482634368067 71.23425018370511
4.46482634368067 71.23425018370511
4.498328296820867 71.4522282253489
4.498328296820867 71.4522282253489
4.531589407080718 71.74986333806226
4.531589407080718 71.74986333806226
4.564539615125934 72.12616939242294
4.564539615125934 72.12616939242294
4.616935266051976 71.66552493998398
4.616935266051976 71.66552493998398
4.669861445764905 71.40384616705865
4.669861445764905 71.40384616705865
4.723026876960231 71.34332245417939
4.723026876960231 71.34332245417939
4.776132292917376 71.48446473870801
4.776132292917376 71.48446473870801
4.808862755567277 70.91008809127402
4.808862755567277 70.91008809127402
4.842091517540601 70.41286770736943
4.842091517540601 70.41286770736943
4.875755128492965 69.99444789388217
4.875755128492965 69.99444789388217
4.90978454023457 69.65624871247284
4.90978454023457 69.65624871247284
4.933436043059708 69.22909655131448
4.933436043059708 69.22909655131448
4.957367643511553 68.84113857058057
4.957367643511553 68.84113857058057
4.98155647317039 68.49304078402298
4.98155647317039 68.49304078402298
5.00597796779344 68.18541367297776
5.00597796779344 68.18541367297776
5.034139534781332 67.19840027857806
5.034139534781332 67.19840027857806
5.063116928632893 66.26624271429147
5.063116928632893 66.26624271429147
5.092895357497055 65.3912869437761
5.092895357497055 65.3912869437761
5.123453527774554 64.57585813662587
5.123453527774554 64.57585813662587
5.143962031608195 63.501055174625364
5.143962031608195 63.501055174625364
5.165167452208225 62.45387328473153
5.165167452208225 62.45387328473153
5.187085863464865 61.43572490013525
5.187085863464865 61.43572490013525
5.209731696731512 60.44807710349603
5.209731696731512 60.44807710349603
5.234792412101219 57.798278035574285
5.234792412101219 57.798278035574285
5.262242163061275 55.188250422475576
5.262242163061275 55.188250422475576
5.292391754592371 52.623912320913405
5.292391754592371 52.623912320913405
5.3255963292591995 50.11227827262963
5.3255963292591995 50.11227827262963
5.330816974757209 48.43486661702685
5.330816974757209 48.43486661702685
5.336412033361446 46.75886975227483
5.336412033361446 46.75886975227483
5.342422889930605 45.08444546156168
5.342422889930605 45.08444546156168
5.348897196172641 43.41177571129937
5.348897196172641 43.41177571129937
5.341185266800123 41.29017833008973
5.341185266800123 41.29017833008973
5.332638466367511 39.171302555283376
5.332638466367511 39.171302555283376
5.323114944773899 37.05561526204872
5.323114944773899 37.05561526204872
5.312439193786443 34.943695600850475
5.312439193786443 34.943695600850475
5.287813630919975 33.470384840214194
5.287813630919975 33.470384840214194
5.260938382835217 32.01923150583862
5.260938382835217 32.01923150583862
5.231535094631212 30.593388777025726
5.231535094631212 30.593388777025726
5.199288212195959 29.196565093608278
5.199288212195959 29.196565093608278
5.139016473511566 27.510506457737623
5.139016473511566 27.510506457737623
5.071159650655261 25.937154226856777
5.071159650655261 25.937154226856777
4.994943932854277 24.498233094345757
4.994943932854277 24.498233094345757
4.90978454023457 23.218749570824283
4.90978454023457 23.218749570824283
4.745709976262936 22.78050244077337
4.745709976262936 22.78050244077337
4.579837448088016 22.969346531889858
4.579837448088016 22.969346531889858
4.420932185906823 23.770340712251695
4.420932185906823 23.770340712251695
4.275761820571148 25.125006345821106
4.275761820571148 25.125006345821106
4.2107849261955685 26.832176964668097
4.2107849261955685 26.832176964668097
4.153789665041126 28.638871293743264
4.153789665041126 28.638871293743264
4.103699673057278 30.527424208840973
4.103699673057278 30.527424208840973
4.059542349283915 32.48356138424605
4.059542349283915 32.48356138424605
4.037648038161137 34.016597511361994
4.037648038161137 34.016597511361994
4.017650704187986 35.564529774217796
4.017650704187986 35.564529774217796
3.9993281475258358 37.12549495478485
3.9993281475258358 37.12549495478485
3.9824893222329574 38.69791595137381
3.9824893222329574 38.69791595137381
3.9795738785981825 40.841358714330894
3.9795738785981825 40.841358714330894
3.976949212709184 42.98511399903696
3.976949212709184 42.98511399903696
3.9745739202642247 45.129137268645465
3.9745739202642247 45.129137268645465
3.9724140964088184 47.27339206084935
3.9724140964088184 47.27339206084935
3.981880679581395 48.90822129592971
3.981880679581395 48.90822129592971
3.9907341295199283 50.54714976623108
3.9907341295199283 50.54714976623108
3.9990308823740692 52.189791285396645
3.9990308823740692 52.189791285396645
4.006820802699478 53.83580597615344
4.006820802699478 53.83580597615344
4.04186742240414 56.18122212436956
4.04186742240414 56.18122212436956
4.074069172375644 58.590072163485566
4.074069172375644 58.590072163485566
4.103699673057278 61.054848417681946
4.103699673057278 61.054848417681946
4.13100879657979 63.569045902379024
4.145659762861182 59.371307618809816
4.176242958372455 60.9131786890998
4.176242958372455 60.9131786890998
4.205290475992353 62.50918299884963
4.205290475992353 62.50918299884963
4.232869688392093 64.15528062356015
4.232869688392093 64.15528062356015
4.259050284530126 65.84771488914743
4.259050284530126 65.84771488914743
4.299978538787302 66.27058846913852
4.299978538787302 66.27058846913852
4.340321221526569 66.80296043559134
4.340321221526569 66.80296043559134
4.379962675000592 67.4422377806538
4.379962675000592 67.4422377806538
4.41879999297594 68.18541367297776
4.41879999297594 68.18541367297776
4.4539340441766715 68.29513836829747
4.4539340441766715 68.29513836829747
4.488912379244057 68.48883604840505
4.488912379244057 68.48883604840505
4.523651212864555 68.76579711830821
4.523651212864555 68.76579711830821
4.558070204458571 69.12502075875246
4.558070204458571 69.12502075875246
4.612720327893528 68.64423973354893
4.612720327893528 68.64423973354893
4.667973765137779 68.3709984651566
4.667973765137779 68.3709984651566
4.723499634282296 68.30778756828893
4.723499634282296 68.30778756828893
4.778957144160513 68.4551888658052
4.778957144160513 68.4551888658052
4.813169979469357 67.88911958037133
4.813169979469357 67.88911958037133
4.8479166943701895 67.40379576606549
4.8479166943701895 67.40379576606549
4.883124191859972 67.00097209354198
4.883124191859972 67.00097209354198
4.918712874414407 66.68214371791241
4.918712874414407 66.68214371791241
4.957367643511554 65.71199590828147
4.957367643511554 65.71199590828147
4.997119418907402 64.84288556714196
4.997119418907402 64.84288556714196
5.037884835621168 64.07892397728548
5.037884835621168 64.07892397728548
5.079562814202909 63.423910905034816
5.079562814202909 63.423910905034816
5.104336505853203 61.59022153743734
5.104336505853203 61.59022153743734
5.130613309963919 59.79663665376204
5.130613309963919 59.79663665376204
5.1584945293280935 58.0468739270607
5.1584945293280935 58.0468739270607
5.188084199239682 56.34501612242854
5.188084199239682 56.34501612242854
5.200722931441095 55.000072472122916
5.200722931441095 55.000072472122916
5.21399303457381 53.66435392933618
5.21399303457381 53.66435392933618
5.227937987843669 52.33856679332737
5.227937987843669 52.33856679332737
5.242604753161319 51.02348523884238
5.242604753161319 51.02348523884238
5.252808480655274 48.6780359078603
5.252808480655274 48.6780359078603
5.264043962913236 46.33816747893815
5.264043962913236 46.33816747893815
5.276472701434347 44.00477022205568
5.276472701434347 44.00477022205568
5.290290917346935 41.678931018157435
5.290290917346935 41.678931018157435
5.26277492806148 39.17865383667592
5.26277492806148 39.17865383667592
5.231535094631213 36.71206653243089
5.231535094631213 36.71206653243089
5.195835981951889 34.28644088701798
5.195835981951889 34.28644088701798
5.154763203361434 31.911118991757732
5.154763203361434 31.911118991757732
5.097546486748163 30.300169751831334
5.097546486748163 30.300169751831334
5.034139534781331 28.79931440510486
5.034139534781331 28.79931440510486
4.964078952142876 27.426632767238832
4.964078952142876 27.426632767238832
4.887061179392929 26.202276832834375
4.887061179392929 26.202276832834375
4.741792268588695 25.814729730251248
4.741792268588695 25.814729730251248
4.5952802358178255 25.98152920237523
4.5952802358178255 25.98152920237523
4.453618088420992 26.69228497465825
4.453618088420992 26.69228497465825
4.321781936687003 27.90546404325481
4.321781936687003 27.90546404325481
4.2602351180989135 29.53002676712885
4.2602351180989135 29.53002676712885
4.205290475992352 31.254591499424816
4.205290475992352 31.254591499424816
4.156222750264236 33.06351388245207
4.156222750264236 33.06351388245207
4.112338766982935 34.943695600850475
4.112338766982935 34.943695600850475
4.085080788108927 37.49598724278671
4.085080788108927 37.49598724278671
4.061312258940209 40.07257844670525
4.061312258940209 40.07257844670525
4.040425808794458 42.66906741907145
4.040425808794458 42.66906741907145
4.021942523329997 45.2820314523209
4.021942523329997 45.2820314523209
4.040141798577726 47.528564518119644
4.040141798577726 47.528564518119644
4.056693354143153 49.789416238672196
4.056693354143153 49.789416238672196
4.07180331522618 52.062721261503995
4.07180331522618 52.062721261503995
4.085646079173642 54.346916862403326
4.085646079173642 54.346916862403326
4.101663015995481 55.583422893073106
4.101663015995481 55.583422893073106
4.1169791049059565 56.83356586722034
4.1169791049059565 56.83356586722034
4.131632626817019 58.09646545590692
4.131632626817019 58.09646545590692
4.145659762861182 59.371307618809816
5.910197585379525 37.4883059998007
6.2397344117880555 34.94369560085048
6.2397344117880555 34.94369560085048
0.29544083714372005 36.491760671948605
0.29544083714372005 36.491760671948605
0.5779019369622462 41.67893101815745
0.5779019369622462 41.67893101815745
0.7853981633974487 49.37120561498931
1.787669942461305 91.70168819245885
1.805694686202713 91.30197752583214
1.805694686202713 91.30197752583214
1.823871978959499 90.93218521884027
1.823871978959499 90.93218521884027
1.8421916075965326 90.59267764551778
1.8421916075965326 90.59267764551778
1.8606428167065165 90.28379645906138
1.8606428167065165 90.28379645906138
1.8817946074004377 89.28303567410595
1.8817946074004377 89.28303567410595
1.9034160183688091 88.32311462199809
1.9034160183688091 88.32311462199809
1.925501978805837 87.40537886824839
1.925501978805837 87.40537886824839
1.9480453864372556 86.53117065484531
1.9480453864372556 86.53117065484531
1.962853345310163 85.40897307519981
1.962853345310163 85.40897307519981
1.9780521748697433 84.30599975320712
1.9780521748697433 84.30599975320712
1.993650252927837 83.22301504259873
1.993650252927837 83.22301504259873
2.009655625758403 82.16080937368363
2.009655625758403 82.16080937368363
2.025897135363091 79.42324381541758
2.025897135363091 79.42324381541758
2.0432932623119604 76.70812109442348
2.0432932623119604 76.70812109442348
2.061959925081157 74.01791099429371
2.061959925081157 74.01791099429371
2.082027039072686 71.35543130365488
2.082027039072686 71.35543130365488
2.0831857871056343 69.66038298251316
2.0831857871056343 69.66038298251316
2.084402331517645 67.96543285947284
2.084402331517645 67.96543285947284
2.0856811031991214 66.27058846913856
2.0856811031991214 66.27058846913856
2.087026997406644 64.57585813662591
2.087026997406644 64.57585813662591
2.0778948311872334 62.50918299884967
2.0778948311872334 62.50918299884967
2.068139043141719 60.44807710349609
2.068139043141719 60.44807710349609
2.0576955586061656 58.39313018721662
2.0576955586061656 58.39313018721662
2.046491545649889 56.3450161224286
2.046491545649889 56.3450161224286
2.028271174690922 54.984361905992756
2.028271174690922 54.984361905992756
2.0091328866528544 53.64288389289807
2.0091328866528544 53.64288389289807
1.9890206563741253 52.32205707204186
1.9890206563741253 52.32205707204186
1.9678757720198787 51.02348523884243
1.9678757720198787 51.02348523884243
1.9313623272730023 49.476089682341566
1.9313623272730023 49.476089682341566
1.892546881191539 47.9988573418415
1.892546881191539 47.9988573418415
1.8513331185332187 46.59846149306229
1.8513331185332187 46.59846149306229
1.8076450877418169 45.2820314523209
1.8076450877418169 45.2820314523209
1.7247409912532465 44.544646436445746
1.7247409912532465 44.544646436445746
1.639652816095941 44.122412770308344
1.639652816095941 44.122412770308344
1.5535566556003673 44.02439914440071
1.5535566556003673 44.02439914440071
1.4677147182721966 44.25275991623665
1.4677147182721966 44.25275991623665
1.4194208830608706 45.29474933810807
1.4194208830608706 45.29474933810807
1.3734007669450166 46.437499141648594
1.3734007669450166 46.437499141648594
1.3296786483434286 47.67376413699467
1.3296786483434286 47.67376413699467
1.2882413743253096 48.996466188691564
1.2882413743253096 48.996466188691564
1.2633988536720757 50.163972997184445
1.2633988536720757 50.163972997184445
1.239700250090765 51.36102024405481
1.239700250090765 51.36102024405481
1.2170931807137748 52.585590611150046
1.2170931807137748 52.585590611150046
1.1955255039389394 53.835805976153495
1.1955255039389394 53.835805976153495
1.18018928309721 55.810928086509676
1.18018928309721 55.810928086509676
1.1659045405098134 57.79827803557433
1.1659045405098134 57.79827803557433
1.1525719972156678 59.796636653762086
1.1525719972156678 59.796636653762086
1.140103815408389 61.804936109917804
1.140103815408389 61.804936109917804
1.1392232755713916 63.50105517462539
1.1392232755713916 63.50105517462539
1.138388551224359 65.19722091313339
1.138388551224359 65.19722091313339
1.137596158363262 66.89342977502595
1.137596158363262 66.89342977502595
1.136842957401 68.58967856100539
1.136842957401 68.58967856100539
1.154731821071074 71.35543130365491
1.154731821071074 71.35543130365491
1.171280832795522 74.14231093247746
1.171280832795522 74.14231093247746
1.186626962402297 76.94802198065065
1.186626962402297 76.94802198065065
1.200890259338339 79.770577442502
1.200890259338339 79.770577442502
1.216416407671459 80.92114817880758
1.216416407671459 80.92114817880758
1.231503712340852 82.09067636101048
1.231503712340852 82.09067636101048
1.246163935995743 83.27836330047022
1.246163935995743 83.27836330047022
1.2604089196625454 84.48344316117418
1.2604089196625454 84.48344316117418
1.2827408797442708 85.48649045913868
1.2827408797442708 85.48649045913868
1.3045442776439713 86.5311706548453
1.3045442776439713 86.5311706548453
1.3258176636680326 87.61599454437528
1.3258176636680326 87.61599454437528
1.3465615756858005 88.73948989219247
1.3465615756858005 88.73948989219247
1.365053715396861 89.15715074349887
1.365053715396861 89.15715074349887
1.3833672143512232 89.6050094405259
1.3833672143512232 89.6050094405259
1.4014925486391094 90.08261558558233
1.4014925486391094 90.08261558558233
1.4194208830608706 90.58949867621617
1.4194208830608706 90.58949867621617
1.4527042983758027 90.18166543490008
1.4527042983758027 90.18166543490008
1.4862525712818984 89.8745760116025
1.4862525712818984 89.8745760116025
1.5199926227366751 89.66926546129032
1.5199926227366751 89.66926546129032
1.5538487969884918 89.56643370101533
1.5538487969884918 89.56643370101533
1.5530990595371263 85.77235988373829
1.5530990595371263 85.77235988373829
1.5522799247268877 81.97833874237261
1.5522799247268877 81.97833874237261
1.5513812908925786 78.1843779454655
1.5513812908925786 78.1843779454655
1.5503909961083586 74.3904867258316
1.787669942461305 91.70168819245885
1.7894652726688385 90.96068415454147
1.7894652726688385 90.96068415454147
1.7912900881615683 90.21997811754676
1.7912900881615683 90.21997811754676
1.793145108864844 89.47957748197095
1.793145108864844 89.47957748197095
1.7950310779039929 88.73948989219247
1.7950310779039929 88.73948989219247
1.8136916596025014 88.35245514256741
1.8136916596025014 88.35245514256741
1.8325098291961017 87.99645060385988
1.8325098291961017 87.99645060385988
1.8514741026010848 87.67185428517539
1.8514741026010848 87.67185428517539
1.8705723968948764 87.37901621379012
1.8705723968948764 87.37901621379012
1.8814976071121703 86.88323536799376
1.8814976071121703 86.88323536799376
1.892546881191539 86.39794321531465
1.892546881191539 86.39794321531465
1.9037196006302781 85.9233174753477
1.9037196006302781 85.9233174753477
1.9150150097773644 85.45953586585973
1.9150150097773644 85.45953586585973
1.9295669970654687 84.29575123728459
1.9295669970654687 84.29575123728459
1.94452314676045 83.15031454344279
1.94452314676045 83.15031454344279
1.959893557850175 82.02399445561089
1.959893557850175 82.02399445561089
1.97568811307998 80.91758924980405
1.97568811307998 80.91758924980405
1.9909930404041718 78.13647874856206
1.9909930404041718 78.13647874856206
2.0074234866084377 75.37501903746335
2.0074234866084377 75.37501903746335
2.025098413488213 72.63545140646137
2.025098413488213 72.63545140646137
2.0441523686298115 69.92034918099192
2.0441523686298115 69.92034918099192
2.044393856188508 68.22341526883478
2.044393856188508 68.22341526883478
2.044647663289657 66.52648553817664
2.044647663289657 66.52648553817664
2.0449147573003996 64.82956031737281
2.0449147573003996 64.82956031737281
2.045196209586804 63.13263997008077
2.045196209586804 63.13263997008077
2.0399083622801903 62.11170837774503
2.0399083622801903 62.11170837774503
2.0344439357957027 61.09257152811929
2.0344439357957027 61.09257152811929
2.0287942783921182 60.07532076103149
2.0287942783921182 60.07532076103149
2.0229501890806723 59.060053534257754
2.0229501890806723 59.060053534257754
2.0050406475916978 57.723490497626656
2.0050406475916978 57.723490497626656
1.986288422735787 56.40631624875982
1.986288422735787 56.40631624875982
1.9666467681323123 55.10992103102602
1.9666467681323123 55.10992103102602
1.9460671496508537 53.835805976153495
1.9460671496508537 53.835805976153495
1.9108934463046587 52.327560891240985
1.9108934463046587 52.327560891240985
1.8736811951698682 50.88784436465782
1.8736811951698682 50.88784436465782
1.8343602103779344 49.52263352112196
1.8343602103779344 49.52263352112196
1.7928782287003766 48.23825462414325
1.7928782287003766 48.23825462414325
1.7149507139080507 47.54673871973405
1.7149507139080507 47.54673871973405
1.63522316622045 47.15139600699185
1.63522316622045 47.15139600699185
1.5546686929512608 47.05969142227994
1.5546686929512608 47.05969142227994
1.47432255161231 47.2733920608494
1.47432255161231 47.2733920608494
1.428899272190733 48.29791853640263
1.428899272190733 48.29791853640263
1.3854483767992025 49.417848238159856
1.3854483767992025 49.417848238159856
1.3439974787410112 50.626850243336555
1.3439974787410112 50.626850243336555
1.3045442776439715 51.91870239290721
1.3045442776439715 51.91870239290721
1.280709394473869 53.065336394469114
1.280709394473869 53.065336394469114
1.2578950989145126 54.24083259794571
1.2578950989145126 54.24083259794571
1.2360594894780819 55.44335524608769
1.2360594894780819 55.44335524608769
1.215160442494137 56.67118391859038
1.215160442494137 56.67118391859038
1.207403193299666 57.64860593788576
1.207403193299666 57.64860593788576
1.1999050379822345 58.629381173049204
1.1999050379822345 58.629381173049204
1.1926540114722954 59.61334412020415
1.1926540114722954 59.61334412020415
1.1856388204314225 60.60033950366273
1.1856388204314225 60.60033950366273
1.1835027235888202 62.29227277991017
1.1835027235888202 62.29227277991017
1.181479604961756 63.98447525751534
1.181479604961756 63.98447525751534
1.1795607476677228 65.67692612811409
1.1795607476677228 65.67692612811409
1.1777383076129644 67.36960667141544
1.1777383076129644 67.36960667141544
1.194305992348374 70.18345584601686
1.194305992348374 70.18345584601686
1.2095925713012152 73.01508178703457
1.2095925713012152 73.01508178703457
1.2237347232554063 75.86249392614164
1.2237347232554063 75.86249392614164
1.2368512549500028 78.72397934218894
1.2368512549500028 78.72397934218894
1.2520487663742526 79.9184578251355
1.2520487663742526 79.9184578251355
1.2667953874547522 81.13084866184896
1.2667953874547522 81.13084866184896
1.281104755549737 82.3603608163601
1.281104755549737 82.3603608163601
1.2949904282063742 83.6062389345168
1.2949904282063742 83.6062389345168
1.3061265548045193 84.13502817234465
1.3061265548045193 84.13502817234465
1.317122230656254 84.67412020595822
1.317122230656254 84.67412020595822
1.3279774875234387 85.22331952025232
1.3279774875234387 85.22331952025232
1.338692488719741 85.7824319878791
1.338692488719741 85.7824319878791
1.3578579772154995 86.18769239001186
1.3578579772154995 86.18769239001186
1.3768371795350036 86.6243079455231
1.3768371795350036 86.6243079455231
1.395619332271735 87.09180707926338
1.395619332271735 87.09180707926338
1.4141944498128813 87.58969528082487
1.4141944498128813 87.58969528082487
1.4399689307208399 87.26358595835507
1.4399689307208399 87.26358595835507
1.465919388064663 86.99585999122168
1.465919388064663 86.99585999122168
1.492012365805753 86.78705769462873
1.492012365805753 86.78705769462873
1.518213265183955 86.63760509932703
1.518213265183955 86.63760509932703
1.5163048705541655 83.60623893451678
1.5163048705541655 83.60623893451678
1.5142528898500793 80.57520017134964
1.5142528898500793 80.57520017134964
1.512040504079174 77.54452720198631
1.512040504079174 77.54452720198631
1.5096481641455957 74.51426465956104
1.5096481641455957 74.51426465956104
1.5198201197195835 74.47173919960021
1.5198201197195835 74.47173919960021
1.5300026439270313 74.43692757109534
1.5300026439270313 74.43692757109534
1.5401936388661777 74.40984060047958
1.5401936388661777 74.40984060047958
1.5503909961083586 74.3904867258316
1.841121673173563 130.72971464367362
1.8401603990944793 128.33300375708632
1.8401603990944793 128.33300375708632
1.8391625377008034 125.93641596991294
1.8391625377008034 125.93641596991294
1.838125961735624 123.53995844627829
1.838125961735624 123.53995844627829
1.837048375945822 121.14363891678342
1.837048375945822 121.14363891678342
1.8219572913726652 119.09376430807087
1.8219572913726652 119.09376430807087
1.80634130751576 117.07195834666153
1.80634130751576 117.07195834666153
1.7901805801291 115.07970043482197
1.7901805801291 115.07970043482197
1.7734549959423729 113.11855179502648
1.7734549959423729 113.11855179502648
1.7415315382701795 111.66828682257001
1.7415315382701795 111.66828682257001
1.7088023504524161 110.3347469184165
1.7088023504524161 110.3347469184165
1.6753092320501302 109.12221152081672
1.6753092320501302 109.12221152081672
1.6411027909135212 108.03475501345075
1.6411027909135212 108.03475501345075
1.6200522287792203 107.89871959116688
1.6200522287792203 107.89871959116688
1.598957893782789 107.81060520369853
1.598957893782789 107.81060520369853
1.5778384639032088 107.77052939342828
1.5778384639032088 107.77052939342828
1.5567127509720364 107.7785457476087
1.5567127509720364 107.7785457476087
1.521884320645702 108.65673413886725
1.521884320645702 108.65673413886725
1.4876550949064555 109.66452205685839
1.4876550949064555 109.66452205685839
1.4540877422706993 110.79837316573504
1.4540877422706993 110.79837316573504
1.4212365869211936 112.05446072498565
1.4212365869211936 112.05446072498565
1.403457072380364 113.91262518552612
1.403457072380364 113.91262518552612
1.3862535296042822 115.80563661557575
1.3862535296042822 115.80563661557575
1.3696081176203672 117.73181411245301
1.3696081176203672 117.73181411245301
1.3535028958718756 119.68955645113482
1.3535028958718756 119.68955645113482
1.35145307218971 122.07667445156369
1.35145307218971 122.07667445156369
1.3494818844471055 124.46428571428572
1.3494818844471055 124.46428571428572
1.3475849072974775 126.85236238680088
1.3475849072974775 126.85236238680088
1.3457580403022915 129.24087866997718
1.3457580403022915 129.24087866997718
1.3483490613689548 130.7209026916132
1.3483490613689548 130.7209026916132
1.3508820515522728 132.20178464092268
1.3508820515522728 132.20178464092268
1.3533589073919492 133.6834960067691
1.3533589073919492 133.6834960067691
1.35578144504739 135.16600951256578
1.35578144504739 135.16600951256578
1.3647241950962143 137.233929140712
1.3647241950962143 137.233929140712
1.3734007669450161 139.31249742494575
1.3734007669450161 139.31249742494575
1.3818216205278642 141.4012447670942
1.3818216205278642 141.4012447670942
1.3899967534909252 143.4997266761246
1.3899967534909252 143.4997266761246
1.4073732732066846 144.6052709652863
1.4073732732066846 144.6052709652863
1.4244810387898665 145.75380788423715
1.4244810387898665 145.75380788423715
1.4413164571926416 146.94432932766117
1.4413164571926416 146.94432932766117
1.4578766660422942 148.17582332265593
1.4578766660422942 148.17582332265593
1.4838367002269717 148.55239243174066
1.4838367002269717 148.55239243174066
1.5096481641455957 149.02852931912201
1.5096481641455957 149.02852931912201
1.5352782751311569 149.603283315663
1.5352782751311569 149.603283315663
1.5606956602095747 150.27552289249317
1.5606956602095747 150.27552289249317
1.5758467889039693 150.26977361692752
1.5758467889039693 150.26977361692752
1.5909955993759646 150.2985177955212
1.5909955993759646 150.2985177955212
1.6061351440475482 150.36173564626114
1.6061351440475482 150.36173564626114
1.6212585008117526 150.4593837152046
1.6212585008117526 150.4593837152046
1.646791820705149 149.9417005115519
1.646791820705149 149.9417005115519
1.6724851785579737 149.52241146601483
1.6724851785579737 149.52241146601483
1.698305885010135 149.20234610390068
1.698305885010135 149.20234610390068
1.7242202483737419 148.98214392733004
1.7242202483737419 148.98214392733004
1.7410082520803711 147.8508951513867
1.7410082520803711 147.8508951513867
1.7580502465283796 146.76195171753062
1.7580502465283796 146.76195171753062
1.7753419180162926 145.71626207737086
1.7753419180162926 145.71626207737086
1.7928782287003766 144.71476387242967
1.7928782287003766 144.71476387242967
1.801582394548493 142.6664603522453
1.801582394548493 142.6664603522453
1.810539435665353 140.62927998022002
1.810539435665353 140.62927998022002
1.8197590325876136 138.60371321722246
1.8197590325876136 138.60371321722246
1.8292512630029152 136.59027673659497
1.8292512630029152 136.59027673659497
1.832122307417399 135.12339055848332
1.832122307417399 135.12339055848332
1.8350563467082266 133.65764263099015
1.8350563467082266 133.65764263099015
1.8380554249508076 132.1930708166611
1.8380554249508076 132.1930708166611
1.841121673173563 130.72971464367362
1.8306106966407347 124.0749572859496
1.8157749899217606 122.03656382966567
1.8157749899217606 122.03656382966567
1.8004387690800312 120.02593921392028
1.8004387690800312 120.02593921392028
1.7845838609527827 118.0445023878923
1.7845838609527827 118.0445023878923
1.7681918866447774 116.0937478541215
1.7681918866447774 116.0937478541215
1.7370331430618826 114.66102228694707
1.7370331430618826 114.66102228694707
1.7051177687478651 113.34236783718075
1.7051177687478651 113.34236783718075
1.6724851785579737 112.14180859951112
1.6724851785579737 112.14180859951112
1.6391826703854002 111.06317436026937
1.6391826703854002 111.06317436026937
1.618704844964396 110.93085277584652
1.618704844964396 110.93085277584652
1.598186735269759 110.84514875514861
1.598186735269759 110.84514875514861
1.5776455347588318 110.80617046853963
1.5776455347588318 110.80617046853963
1.557098553422031 110.81396722269561
1.557098553422031 110.81396722269561
1.5232132235179132 111.68891647115214
1.5232132235179132 111.68891647115214
1.4898922276396662 112.69003224485716
1.4898922276396662 112.69003224485716
1.4571936060392368 113.81398528376681
1.4571936060392368 113.81398528376681
1.4251679462240743 115.05717578221537
1.4251679462240743 115.05717578221537
1.4077821178569991 116.9070283109399
1.4077821178569991 116.9070283109399
1.3909428270024184 118.79111130467638
1.3909428270024184 118.79111130467638
1.3746338119427965 120.70782190270404
1.3746338119427965 120.70782190270404
1.3588386895522775 122.65563052293851
1.3784007252789743 119.07199899169221
1.3758517424292616 121.45228563081463
1.3758517424292616 121.45228563081463
1.373400766945016 123.83333104439622
1.373400766945016 123.83333104439622
1.3710422807519809 126.2150922896453
1.3710422807519809 126.2150922896453
1.3687711703913044 128.5975295927062
1.3687711703913044 128.5975295927062
1.371112441419795 130.08487344218537
1.371112441419795 130.08487344218537
1.373400766945016 131.57291423467098
1.373400766945016 131.57291423467098
1.3756378996782266 133.0616285882261
1.3756378996782266 133.0616285882261
1.377825516829327 134.55099414538046
1.377825516829327 134.55099414538046
1.3864719178951979 136.64508401684049
1.3864719178951979 136.64508401684049
1.394856701342369 138.7490807103211
1.394856701342369 138.7490807103211
1.4029904368566044 140.86254030607145
1.4029904368566044 140.86254030607145
1.4108832036366774 142.9850431916941
1.3861119467084422 140.51455413397355
1.403885536666638 141.61086539198297
1.403885536666638 141.61086539198297
1.4213806168784289 142.75121630883942
1.4213806168784289 142.75121630883942
1.4385932265398713 143.9345601488037
1.4385932265398713 143.9345601488037
1.4555202008239447 145.1598454800635
1.4555202008239447 145.1598454800635
1.4820250114753575 145.52838774284075
1.4820250114753575 145.52838774284075
1.5083775167989395 145.99860654213416
1.5083775167989395 145.99860654213416
1.5345427880034654 146.56952329675767
1.5345427880034654 146.56952329675767
1.5604874136486533 147.23996665515872
1.5604874136486533 147.23996665515872
1.575950920317437 147.23409884562292
1.575950920317437 147.23409884562292
1.5914119624205003 147.26343555523422
1.5914119624205003 147.26343555523422
1.606863154111076 147.32795575367265
1.606863154111076 147.32795575367265
1.6222971377461222 147.42761324785528
1.6222971377461222 147.42761324785528
1.6483606109257718 146.9149288973322
1.6483606109257718 146.9149288973322
1.6745886672519394 146.5027033601658
1.6745886672519394 146.5027033601658
1.7009464914947703 146.1917864476144
1.7009464914947703 146.1917864476144
1.7273982037769122 145.98282546804143
1.7273982037769122 145.98282546804143
1.7445580556450047 144.8599630013062
1.7445580556450047 144.8599630013062
1.7619807863919112 143.7804149278918
1.7619807863919112 143.7804149278918
1.7796616651895427 142.74516398086297
1.7796616651895427 142.74516398086297
1.7975951748487824 141.7551806813423
1.7723240945302299 144.0765479117378
1.78076983965706 142.00281653663333
1.78076983965706 142.00281653663333
1.7894652726688385 139.93951408390993
1.7894652726688385 139.93951408390993
1.7984202571698054 137.8871087204149
1.7984202571698054 137.8871087204149
1.8076450877418169 135.84609435696274
1.8076450877418169 135.84609435696274
1.8102955927050557 134.37108442325547
1.8102955927050557 134.37108442325547
1.813004913904517 132.8970394205029
1.813004913904517 132.8970394205029
1.8157749899217608 131.42399181656293
1.8157749899217608 131.42399181656293
1.8186078435335984 129.95197552895286
1.8186078435335984 129.95197552895286
1.8172179903631986 127.55871309710601
1.8172179903631986 127.55871309710601
1.8157749899217608 125.16570649196471
1.8157749899217608 125.16570649196471
1.814275740670261 122.77297067272636
1.814275740670261 122.77297067272636
1.8127168954793016 120.38052178616857
1.7751121913950179 172.06100788288288
1.763297961604876 182.47774273699181
1.763297961604876 182.47774273699181
1.7527610127540825 192.91719468492707
1.7527610127540825 192.91719468492707
1.7433068344015734 203.37586549494102
1.7433068344015734 203.37586549494102
1.7347781435955847 213.85093541186725
1.7347781435955847 213.85093541186725
1.663810733694447 204.27588501109557
1.663810733694447 204.27588501109557
1.586298960719913 195.82710268348498
1.586298960719913 195.82710268348498
1.5023550049208705 188.6559657725038
1.5023550049208705 188.6559657725038
1.4124688259864666 182.91280716644803
1.7751121913950179 172.06100788288288
1.7707892834010779 171.90862959493683
1.7707892834010779 171.90862959493683
1.7664587861269483 171.75946952030904
1.7664587861269483 171.75946952030904
1.7621208424134043 171.61353605045207
1.7621208424134043 171.61353605045207
1.7577755967138078 171.47083742355346
1.7577755967138078 171.47083742355346
1.7476524582688757 181.1742287520581
1.7476524582688757 181.1742287520581
1.7385593773381074 190.89429790315577
1.7385593773381074 190.89429790315577
1.7303480477281565 200.62862086661968
1.7303480477281565 200.62862086661968
1.7228971088930147 210.3752190268907
1.7371284356097167 210.85652735343768
1.6652117443081222 201.25349078763628
1.6652117443081222 201.25349078763628
1.5865430566447654 192.79175892312793
1.5865430566447654 192.79175892312793
1.5012366027293276 185.62747477392423
1.5012366027293276 185.62747477392423
1.4098085130240892 179.91569915107584
1.4098085130240892 179.91569915107584
1.4104818658655833 180.6648552967989
1.4104818658655833 180.6648552967989
1.411149657134235 181.41409268014212
1.411149657134235 181.41409268014212
1.4118119548622732 182.16341029871552
1.4118119548622732 182.16341029871552
1.4124688259864666 182.91280716644803
